image: ./mymap0_low_reso.pgm
resolution: 1.200000
origin: [-13.228025, -4.832105, 0.000000]
negate: 0
occupied_thresh: 0.65
free_thresh: 0.196

