image: ./mymap1_low_reso.pgm
resolution: 0.200000
origin: [-13.767352, -4.847336, 0.000000]
negate: 0
occupied_thresh: 0.65
free_thresh: 0.196

