image: ./mymap0.pgm
resolution: 0.020000
origin: [-13.227720, -4.832105, 0.000000]
negate: 0
occupied_thresh: 0.65
free_thresh: 0.196

