image: ./mymap1.pgm
resolution: 0.020000
origin: [-13.909429, -4.983703, 0.000000]
negate: 0
occupied_thresh: 0.65
free_thresh: 0.196

