image: ./mymap5_low_reso.pgm
resolution: 0.600000
origin: [-4.533826, -4.271279, 0.000000]
negate: 0
occupied_thresh: 0.65
free_thresh: 0.196

