image: ./mymap.pgm
resolution: 0.020000
origin: [-3.261351, -3.470887, 0.000000]
negate: 0
occupied_thresh: 0.65
free_thresh: 0.196

